695
2703
1399
1111
967
881
824
786
761
745
738
739
747
763
789
829
887
979
1130
1445
3925
2703
1399
1111
967
881
824
786
761
745
738
739
747
763
789
829
887
979
1130
1445
4273
2446
1375
1100
962
877
821
785
759
745
738
739
748
764
791
831
892
985
1142
1473
4175
2446
1375
1100
962
877
821
785
759
745
738
739
748
764
791
831
892
985
1142
1473
4433
2277
1352
1091
955
874
819
782
759
744
738
739
748
766
793
834
896
991
1154
1504
4332
2277
1352
1091
955
874
819
782
759
744
738
739
748
766
793
834
896
991
1154
1504
4548
2148
1331
1081
950
869
817
781
758
743
738
740
748
767
795
837
900
998
1167
1536
4444
2148
1331
1081
950
869
817
781
758
743
738
740
748
767
795
837
900
998
1167
1536
4632
2044
1312
1071
945
866
814
780
756
743
738
740
749
768
797
840
904
1006
1179
1572
4524
2044
1312
1071
945
866
814
780
756
743
738
740
749
768
797
840
904
1006
1179
1572
4695
1957
1292
1063
939
862
812
778
756
743
737
740
751
769
798
843
909
1013
1193
1610
4583
1957
1292
1063
939
862
812
778
756
743
737
740
751
769
798
843
909
1013
1193
1610
4739
1882
1275
1053
934
860
809
777
754
743
737
741
751
770
801
846
913
1020
1207
1653
4622
1882
1275
1053
934
860
809
777
754
743
737
741
751
770
801
846
913
1020
1207
1653
4767
1817
1258
1045
929
856
807
775
754
742
737
741
752
772
802
849
919
1027
1222
1698
4646
1817
1258
1045
929
856
807
775
754
742
737
741
752
772
802
849
919
1027
1222
1698
4783
1759
1241
1037
924
853
805
773
753
742
737
741
753
773
805
852
923
1036
1237
1749
4655
1759
1241
1037
924
853
805
773
753
742
737
741
753
773
805
852
923
1036
1237
1749
