347
851
1153
1391
1595
1775
1940
2091
2233
2366
2493
2613
2729
2840
2947
3050
3150
3248
3342
3435
3525
3613
3699
3783
3866
3947
4026
4104
4181
4257
4331
4404
4477
4548
4618
4687
4756
4824
4890
4957
5022
5087
5151
5214
5277
5339
5400
5461
5522
5581
5641
5700
5758
5816
5873
5930
5987
6043
6099
6154
6210
6264
6319
6373
6426
6479
6532
6585
6638
6690
6742
6793
6844
6895
6946
6997
7047
7097
7147
7196
7245
7295
7343
7392
7441
7489
7537
7585
7632
7680
7727
7774
7821
7868
7915
7961
8008
8054
8100
8146
8192
8237
8283
8328
8373
8418
8463
8508
8553
8598
8642
8686
8731
8775
8819
8863
8907
8950
8994
9038
9081
9124
9168
9211
9254
9297
9340
9383
9426
9468
9511
9554
9596
9639
9681
9723
9766
9808
9850
9892
9934
9976
10018
10060
10102
10143
10185
10227
10268
10310
10351
10393
10434
10476
10517
10559
10600
10641
10683
10724
10765
10806
10847
10889
10930
10971
11012
11053
11094
11135
11176
11217
11258
11299
11340
11381
11422
11463
11504
11545
11586
11627
11668
11709
11750
11791
11832
11873
11914
11955
11996
12037
12078
12119
12160
12201
12242
12283
12324
12366
12407
12448
12489
12530
12572
12613
12655
12696
12737
12779
12820
12862
12904
12945
12987
13029
13071
13112
13154
13196
13238
13280
13322
13365
13407
13449
13491
13534
13576
13619
13661
13704
13747
13790
13833
13876
13919
13962
14005
14049
14092
14136
14179
14223
14267
14311
14355
14399
14443
14487
14532
14576
14621
14666
14711
14756
14801
14846
14891
14937
14983
15029
15075
15121
15167
15213
15260
15307
15354
15401
15448
15496
15543
15591
15639
15687
15736
15784
15833
15882
15931
15981
16030
16080
16130
16181
16231
16282
16333
16385
16437
16489
16541
16593
16646
16699
16753
16807
16861
16916
16970
17026
17081
17137
17194
17251
17308
17366
17424
17483
17542
17601
17662
17722
17784
17845
17908
17971
18035
18099
18164
18230
18297
18364
18432
18501
18571
18642
18714
18787
18861
18936
19012
19090
19169
19249
19331
19414
19500
19587
19676
19767
19861
19957
20056
20159
20264
20373
20487
20606
20730
20860
20998
21145
21304
21478
21671
21893
22164
22546
