0
3324
1418
1120
972
884
826
787
762
746
739
738
746
762
788
827
884
974
1121
1424
2610
3324
1418
1120
972
884
826
787
762
746
739
738
746
762
788
827
884
974
1121
1424
3387
2639
1394
1109
966
880
824
785
761
745
739
738
747
763
790
829
889
979
1133
1451
3291
2639
1394
1109
966
880
824
785
761
745
739
738
747
763
790
829
889
979
1133
1451
3613
2408
1370
1099
960
876
821
784
760
744
739
738
748
764
792
832
892
986
1145
1479
3515
2408
1370
1099
960
876
821
784
760
744
739
738
748
764
792
832
892
986
1145
1479
3763
2248
1348
1089
954
873
819
782
758
745
737
740
748
765
794
834
897
993
1157
1510
3661
2248
1348
1089
954
873
819
782
758
745
737
740
748
765
794
834
897
993
1157
1510
3870
2126
1327
1079
949
869
816
781
757
744
737
740
749
767
795
837
901
1000
1169
1544
3765
2126
1327
1079
949
869
816
781
757
744
737
740
749
767
795
837
901
1000
1169
1544
3950
2025
1308
1069
944
865
814
779
757
743
737
740
750
768
797
840
906
1007
1182
1579
3842
2025
1308
1069
944
865
814
779
757
743
737
740
750
768
797
840
906
1007
1182
1579
4009
1941
1289
1061
938
862
811
778
755
743
737
741
750
769
799
844
910
1014
1196
1618
3896
1941
1289
1061
938
862
811
778
755
743
737
741
750
769
799
844
910
1014
1196
1618
4050
1868
1271
1052
933
859
809
776
755
742
737
741
751
771
801
846
915
1021
1211
1660
3933
1868
1271
1052
933
859
809
776
755
742
737
741
751
771
801
846
915
1021
1211
1660
4076
1805
1254
1044
928
855
807
775
753
742
737
741
752
772
804
849
919
1029
1226
1707
3953
1805
1254
1044
928
855
807
775
753
742
737
741
752
772
804
849
919
1029
1226
1707
347
2995
1414
1117
971
883
826
787
762
745
739
738
747
762
788
827
885
975
1124
1429
3032
2995
1414
1117
971
883
826
787
762
745
739
738
747
762
788
827
885
975
1124
1429
3536
2584
1389
1106
965
879
824
785
760
746
738
739
746
764
790
830
889
981
1135
1456
3440
2584
1389
1106
965
879
824
785
760
746
738
739
746
764
790
830
889
981
1135
1456
3742
2372
1365
1097
959
875
821
784
759
745
738
739
747
765
792
832
894
987
1147
1485
3643
2372
1365
1097
959
875
821
784
759
745
738
739
747
765
792
832
894
987
1147
1485
3881
2222
1344
1086
954
871
818
782
759
744
738
739
748
766
794
835
898
994
1159
1517
3778
2222
1344
1086
954
871
818
782
759
744
738
739
748
766
794
835
898
994
1159
1517
3982
2104
1323
1077
948
868
816
780
757
744
738
739
749
767
796
838
902
1001
1172
1550
3877
2104
1323
1077
948
868
816
780
757
744
738
739
749
767
796
838
902
1001
1172
1550
4057
2008
1304
1067
943
864
814
779
756
743
738
739
750
769
797
841
906
1008
1186
1586
3948
2008
1304
1067
943
864
814
779
756
743
738
739
750
769
797
841
906
1008
1186
1586
4113
1926
1285
1059
937
861
811
777
755
743
738
740
750
770
799
845
910
1016
1199
1626
3999
1926
1285
1059
937
861
811
777
755
743
738
740
750
770
799
845
910
1016
1199
1626
4150
1856
1267
1050
932
858
809
776
754
742
738
740
752
771
801
847
915
1023
1214
1670
4031
1856
1267
1050
932
858
809
776
754
742
738
740
752
771
801
847
915
1023
1214
1670
4173
1793
1251
1042
926
855
807
774
753
742
738
741
752
772
804
850
920
1031
1228
1718
4049
1793
1251
1042
926
855
807
774
753
742
738
741
752
772
804
850
920
1031
1228
1718
491
2870
1409
1115
970
882
825
787
761
746
738
739
746
762
789
828
886
976
1126
1434
3267
2870
1409
1115
970
882
825
787
761
746
738
739
746
762
789
828
886
976
1126
1434
3695
2534
1384
1105
963
879
822
785
761
745
738
739
747
763
791
830
890
982
1138
1462
3598
2534
1384
1105
963
879
822
785
761
745
738
739
747
763
791
830
890
982
1138
1462
3883
2338
1362
1094
958
875
820
783
759
745
738
739
748
764
793
833
894
989
1149
1492
3783
2338
1362
1094
958
875
820
783
759
745
738
739
748
764
793
833
894
989
1149
1492
4013
2196
1340
1084
953
871
817
782
758
744
738
739
749
766
794
836
898
995
1162
1523
3911
2196
1340
1084
953
871
817
782
758
744
738
739
749
766
794
836
898
995
1162
1523
4109
2084
1319
1075
947
867
816
780
757
743
738
739
750
767
796
839
902
1003
1174
1558
4002
2084
1319
1075
947
867
816
780
757
743
738
739
750
767
796
839
902
1003
1174
1558
4179
1991
1299
1066
942
864
813
778
756
743
738
740
750
768
798
842
907
1009
1188
1595
4069
1991
1299
1066
942
864
813
778
756
743
738
740
750
768
798
842
907
1009
1188
1595
4231
1911
1281
1057
936
861
811
777
755
742
738
740
751
770
800
844
912
1017
1201
1635
4117
1911
1281
1057
936
861
811
777
755
742
738
740
751
770
800
844
912
1017
1201
1635
4266
1843
1264
1048
931
857
809
775
754
742
738
740
752
771
802
848
916
1025
1216
1679
4146
1843
1264
1048
931
857
809
775
754
742
738
740
752
771
802
848
916
1025
1216
1679
4286
1782
1247
1040
926
854
806
774
754
741
738
741
752
773
804
851
921
1032
1231
1728
4161
1782
1247
1040
926
854
806
774
754
741
738
741
752
773
804
851
921
1032
1231
1728
601
2779
1403
1113
969
881
825
786
761
746
738
739
746
763
789
828
887
977
1129
1439
3502
2779
1403
1113
969
881
825
786
761
746
738
739
746
763
789
828
887
977
1129
1439
3884
2488
1379
1103
963
877
822
785
760
745
738
739
747
764
791
831
890
984
1140
1468
3786
2488
1379
1103
963
877
822
785
760
745
738
739
747
764
791
831
890
984
1140
1468
4057
2306
1357
1093
956
874
820
783
759
744
738
739
748
765
793
833
895
990
1152
1498
3957
2306
1357
1093
956
874
820
783
759
744
738
739
748
765
793
833
895
990
1152
1498
4179
2171
1336
1083
951
870
817
782
757
744
738
739
749
766
795
836
899
997
1164
1530
4076
2171
1336
1083
951
870
817
782
757
744
738
739
749
766
795
836
899
997
1164
1530
4269
2064
1315
1073
946
867
814
780
757
743
738
740
749
768
796
839
904
1004
1177
1564
4162
2064
1315
1073
946
867
814
780
757
743
738
740
749
768
796
839
904
1004
1177
1564
4336
1973
1296
1065
940
863
812
779
756
742
738
740
750
769
798
842
909
1010
1191
1602
4225
1973
1296
1065
940
863
812
779
756
742
738
740
750
769
798
842
909
1010
1191
1602
4384
1896
1278
1055
935
860
810
777
755
742
738
740
751
770
801
845
913
1018
1204
1644
4268
1896
1278
1055
935
860
810
777
755
742
738
740
751
770
801
845
913
1018
1204
1644
4415
1829
1261
1047
930
856
808
776
754
741
738
741
751
772
802
849
917
1026
1219
1688
4295
1829
1261
1047
930
856
808
776
754
741
738
741
751
772
802
849
917
1026
1219
1688
4433
1770
1245
1038
925
853
806
774
753
741
738
741
753
773
804
851
922
1034
1235
1738
4306
1770
1245
1038
925
853
806
774
753
741
738
741
753
773
804
851
922
1034
1235
1738
695
2703
1399
1111
967
881
824
786
761
745
738
739
747
763
789
829
887
979
1130
1445
3925
2703
1399
1111
967
881
824
786
761
745
738
739
747
763
789
829
887
979
1130
1445
4273
2446
1375
1100
962
877
821
785
759
745
738
739
748
764
791
831
892
985
1142
1473
4175
2446
1375
1100
962
877
821
785
759
745
738
739
748
764
791
831
892
985
1142
1473
4433
2277
1352
1091
955
874
819
782
759
744
738
739
748
766
793
834
896
991
1154
1504
4332
2277
1352
1091
955
874
819
782
759
744
738
739
748
766
793
834
896
991
1154
1504
4548
2148
1331
1081
950
869
817
781
758
743
738
740
748
767
795
837
900
998
1167
1536
4444
2148
1331
1081
950
869
817
781
758
743
738
740
748
767
795
837
900
998
1167
1536
4632
2044
1312
1071
945
866
814
780
756
743
738
740
749
768
797
840
904
1006
1179
1572
4524
2044
1312
1071
945
866
814
780
756
743
738
740
749
768
797
840
904
1006
1179
1572
4695
1957
1292
1063
939
862
812
778
756
743
737
740
751
769
798
843
909
1013
1193
1610
4583
1957
1292
1063
939
862
812
778
756
743
737
740
751
769
798
843
909
1013
1193
1610
4739
1882
1275
1053
934
860
809
777
754
743
737
741
751
770
801
846
913
1020
1207
1653
4622
1882
1275
1053
934
860
809
777
754
743
737
741
751
770
801
846
913
1020
1207
1653
4767
1817
1258
1045
929
856
807
775
754
742
737
741
752
772
802
849
919
1027
1222
1698
4646
1817
1258
1045
929
856
807
775
754
742
737
741
752
772
802
849
919
1027
1222
1698
4783
1759
1241
1037
924
853
805
773
753
742
737
741
753
773
805
852
923
1036
1237
1749
4655
1759
1241
1037
924
853
805
773
753
742
737
741
753
773
805
852
923
1036
1237
1749
