601
382
271
222
193
174
159
147
138
130
124
119
114
109
105
103
99
96
94
91
89
87
86
83
82
80
79
78
76
75
74
73
72
71
70
69
68
67
67
66
65
64
64
63
63
61
62
60
61
59
59
59
58
58
57
57
57
56
55
56
54
55
54
54
54
53
53
52
52
52
52
52
51
51
50
51
50
50
49
50
49
49
49
48
49
48
48
48
47
48
47
47
47
47
47
46
46
46
46
46
46
46
45
45
45
45
45
45
45
44
45
44
44
44
44
44
44
44
43
44
43
44
43
43
43
43
43
43
43
43
42
43
42
43
42
42
42
43
42
42
42
42
42
41
42
42
42
41
42
42
41
42
41
41
42
41
42
41
41
41
41
42
41
41
41
41
41
41
41
41
41
41
41
41
41
41
41
41
41
41
41
41
41
41
41
41
41
41
41
41
41
41
41
41
41
41
41
42
41
41
41
41
42
41
41
42
41
42
41
42
41
42
41
42
42
41
42
42
42
42
42
42
42
42
43
42
42
43
42
43
43
42
43
43
43
43
43
43
44
43
43
44
44
43
44
44
44
44
45
44
44
45
45
45
45
45
45
45
46
45
46
46
46
46
47
46
47
47
47
47
47
48
47
48
48
48
49
49
48
50
49
49
50
50
50
51
51
51
51
51
52
52
53
53
53
53
53
54
55
54
56
55
56
56
57
57
57
58
58
59
60
59
61
61
61
62
63
63
64
65
65
67
66
68
69
69
70
71
73
73
74
76
77
78
79
81
83
84
86
88
90
93
94
98
100
103
107
111
116
120
127
133
142
151
165
180
204
238
302
504
