  694
  348
  259
  215
  189
  170
  156
  146
  137
  128
  123
  118
  112
  109
  104
  102
   99
   95
   94
   90
   89
   87
   85
   83
   82
   80
   78
   78
   76
   75
   73
   73
   72
   70
   71
   69
   67
   68
   66
   66
   65
   64
   63
   63
   62
   62
   62
   60
   60
   60
   59
   57
   60
   57
   58
   57
   55
   57
   56
   55
   55
   54
   54
   53
   54
   53
   53
   52
   52
   52
   51
   53
   51
   50
   51
   50
   50
   50
   50
   49
   49
   50
   48
   49
   48
   48
   49
   47
   48
   48
   46
   47
   47
   47
   46
   47
   46
   46
   46
   47
   46
   44
   46
   45
   45
   45
   45
   45
   44
   45
   44
   45
   44
   44
   45
   44
   43
   44
   44
   42
   43
   44
   43
   43
   43
   43
   43
   44
   42
   42
   43
   43
   42
   43
   42
   43
   41
   42
   42
   43
   42
   42
   42
   42
   41
   42
   42
   41
   42
   41
   42
   42
   41
   41
   42
   41
   42
   41
   41
   42
   40
   42
   41
   41
   41
   41
   42
   41
   40
   42
   41
   41
   41
   40
   42
   40
   42
   40
   42
   40
   41
   41
   41
   41
   41
   41
   41
   40
   42
   41
   41
   41
   41
   41
   41
   42
   41
   40
   42
   41
   42
   40
   41
   42
   41
   42
   41
   41
   42
   42
   41
   42
   42
   41
   42
   42
   41
   43
   41
   42
   43
   41
   43
   42
   43
   42
   42
   43
   42
   43
   42
   42
   44
   43
   42
   43
   44
   44
   43
   43
   42
   44
   44
   43
   45
   44
   44
   44
   44
   44
   45
   45
   45
   45
   44
   46
   45
   45
   46
   45
   46
   46
   46
   46
   47
   46
   47
   47
   47
   47
   47
   48
   48
   47
   49
   47
   49
   50
   48
   50
   49
   49
   50
   50
   51
   50
   51
   51
   51
   52
   51
   53
   53
   53
   53
   53
   54
   54
   54
   55
   54
   56
   56
   57
   56
   57
   58
   58
   58
   59
   59
   60
   61
   61
   61
   62
   63
   64
   64
   65
   65
   66
   67
   69
   68
   69
   71
   72
   72
   73
   75
   76
   77
   79
   79
   82
   83
   84
   87
   89
   90
   92
   96
   98
  100
  105
  108
  111
  117
  121
  127
  135
  144
  154
  167
  185
  209
  248
  322
  764
