  601
  382
  270
  222
  194
  173
  160
  146
  139
  130
  123
  119
  113
  110
  105
  103
   99
   96
   94
   91
   89
   88
   85
   84
   82
   80
   79
   77
   77
   75
   74
   73
   72
   71
   70
   69
   68
   67
   67
   65
   66
   64
   64
   63
   63
   61
   61
   61
   60
   60
   59
   58
   58
   59
   57
   57
   57
   55
   56
   55
   56
   55
   54
   52
   54
   53
   53
   52
   53
   51
   53
   51
   51
   50
   52
   50
   50
   51
   49
   50
   48
   50
   48
   49
   48
   48
   49
   47
   48
   48
   47
   47
   47
   47
   46
   46
   47
   46
   46
   46
   46
   45
   46
   45
   45
   45
   45
   45
   45
   44
   45
   44
   44
   44
   45
   44
   44
   43
   44
   42
   44
   43
   44
   43
   43
   42
   43
   44
   42
   43
   43
   42
   43
   42
   42
   43
   42
   42
   42
   43
   41
   42
   42
   42
   42
   42
   42
   41
   42
   41
   41
   43
   41
   41
   42
   41
   42
   41
   41
   42
   40
   41
   42
   41
   41
   41
   41
   41
   41
   41
   42
   41
   41
   40
   42
   40
   42
   40
   41
   41
   40
   42
   40
   42
   41
   40
   42
   40
   42
   41
   41
   41
   40
   42
   41
   41
   41
   41
   42
   41
   42
   40
   41
   42
   41
   41
   42
   41
   42
   41
   42
   42
   41
   42
   42
   42
   41
   43
   41
   42
   42
   42
   42
   42
   43
   42
   42
   43
   43
   42
   43
   42
   44
   42
   43
   43
   43
   44
   43
   44
   42
   43
   44
   43
   45
   44
   44
   44
   44
   44
   45
   45
   44
   45
   46
   45
   45
   45
   46
   45
   45
   46
   47
   46
   46
   47
   46
   47
   48
   47
   47
   48
   48
   47
   48
   48
   49
   49
   48
   50
   49
   50
   50
   49
   51
   50
   51
   51
   51
   51
   53
   52
   52
   53
   53
   53
   54
   54
   54
   55
   55
   55
   56
   56
   57
   56
   58
   58
   59
   58
   59
   60
   60
   61
   62
   62
   63
   63
   63
   65
   66
   65
   68
   67
   70
   69
   70
   71
   72
   74
   75
   75
   77
   78
   80
   81
   82
   84
   87
   87
   91
   91
   96
   97
  100
  103
  107
  112
  115
  120
  126
  133
  142
  152
  164
  181
  203
  239
  302
  504
