  601
  382
  270
  222
  194
  173
  159
  147
  139
  130
  123
  119
  113
  110
  105
  103
   99
   96
   94
   91
   89
   88
   85
   84
   82
   80
   79
   77
   77
   75
   74
   73
   72
   71
   69
   69
   69
   67
   67
   65
   65
   65
   64
   63
   62
   62
   61
   61
   60
   60
   59
   59
   58
   58
   57
   57
   56
   56
   56
   55
   55
   55
   54
   54
   54
   53
   52
   53
   52
   52
   52
   51
   51
   51
   52
   49
   50
   51
   49
   50
   48
   50
   48
   49
   48
   49
   48
   47
   48
   48
   47
   47
   47
   47
   46
   46
   47
   46
   46
   46
   46
   45
   45
   46
   45
   45
   45
   45
   44
   45
   44
   44
   45
   44
   44
   45
   43
   44
   43
   44
   43
   43
   44
   43
   43
   43
   42
   44
   43
   43
   42
   42
   43
   42
   42
   43
   42
   42
   42
   43
   41
   42
   42
   42
   42
   42
   42
   41
   42
   41
   42
   42
   41
   41
   42
   40
   42
   42
   41
   41
   41
   41
   42
   40
   42
   41
   41
   41
   41
   41
   41
   42
   40
   41
   41
   41
   41
   41
   41
   41
   40
   42
   40
   42
   41
   40
   42
   41
   41
   41
   41
   41
   40
   42
   41
   41
   41
   41
   42
   41
   41
   41
   41
   42
   41
   41
   42
   41
   42
   41
   41
   43
   41
   42
   42
   41
   42
   42
   42
   41
   43
   42
   42
   42
   43
   42
   42
   43
   43
   42
   42
   43
   43
   43
   43
   43
   42
   44
   43
   44
   43
   44
   43
   44
   44
   44
   44
   44
   44
   45
   44
   45
   45
   45
   45
   45
   45
   45
   46
   45
   45
   46
   47
   46
   46
   47
   46
   47
   48
   47
   47
   48
   48
   47
   48
   48
   49
   49
   48
   50
   49
   50
   49
   50
   50
   51
   51
   51
   50
   52
   53
   51
   53
   52
   53
   54
   53
   55
   54
   55
   55
   55
   55
   57
   57
   56
   58
   57
   60
   58
   60
   59
   61
   60
   62
   63
   62
   63
   64
   64
   66
   66
   68
   67
   69
   69
   70
   71
   73
   73
   75
   75
   77
   78
   79
   82
   82
   84
   87
   87
   91
   91
   95
   98
  100
  103
  107
  112
  115
  120
  127
  133
  141
  152
  164
  181
  203
  239
  302
  503
