  490
  429
  285
  230
  198
  177
  161
  149
  140
  132
  125
  120
  115
  110
  106
  103
   99
   97
   95
   91
   90
   88
   85
   85
   81
   81
   80
   77
   76
   76
   74
   73
   72
   71
   71
   69
   68
   68
   66
   66
   66
   64
   64
   63
   63
   61
   62
   61
   60
   60
   59
   59
   58
   58
   58
   56
   57
   56
   55
   56
   55
   55
   54
   54
   54
   53
   53
   52
   52
   52
   53
   51
   51
   51
   51
   50
   50
   51
   49
   50
   49
   49
   48
   49
   49
   48
   48
   47
   48
   48
   48
   46
   48
   47
   46
   46
   47
   46
   46
   46
   46
   45
   45
   45
   45
   46
   45
   45
   44
   45
   44
   44
   45
   44
   45
   44
   43
   44
   44
   43
   43
   44
   44
   43
   42
   43
   43
   43
   43
   43
   42
   42
   44
   42
   42
   42
   43
   42
   42
   42
   42
   42
   42
   42
   41
   42
   42
   42
   42
   41
   41
   42
   41
   42
   41
   41
   42
   41
   41
   42
   41
   41
   42
   40
   42
   41
   40
   42
   41
   41
   41
   41
   41
   41
   42
   40
   41
   41
   41
   41
   41
   41
   41
   41
   40
   41
   42
   41
   41
   41
   40
   42
   40
   42
   41
   41
   41
   41
   41
   41
   42
   41
   41
   42
   41
   41
   42
   41
   42
   41
   41
   43
   41
   41
   43
   41
   42
   42
   42
   41
   42
   43
   42
   41
   43
   42
   42
   43
   43
   43
   42
   42
   44
   43
   42
   43
   43
   44
   43
   43
   43
   44
   44
   43
   44
   45
   44
   44
   44
   44
   45
   44
   45
   44
   45
   45
   46
   46
   45
   45
   45
   46
   47
   46
   46
   47
   46
   47
   47
   47
   47
   48
   48
   47
   49
   48
   48
   49
   48
   50
   48
   50
   50
   51
   50
   50
   51
   50
   51
   52
   52
   52
   52
   53
   52
   54
   53
   54
   55
   54
   56
   55
   56
   55
   57
   58
   56
   59
   57
   60
   58
   60
   61
   61
   61
   62
   62
   64
   64
   64
   65
   66
   66
   68
   68
   70
   70
   72
   71
   73
   74
   76
   76
   78
   80
   80
   82
   84
   86
   88
   90
   90
   95
   97
  100
  102
  107
  109
  115
  119
  126
  131
  141
  149
  161
  177
  198
  230
  285
  429
