    0
  777
  322
  248
  209
  184
  167
  154
  144
  135
  128
  120
  117
  112
  107
  105
  101
   98
   95
   93
   90
   89
   86
   84
   83
   82
   80
   78
   78
   75
   75
   74
   72
   72
   70
   70
   68
   68
   67
   66
   65
   65
   65
   63
   63
   62
   62
   61
   60
   60
   60
   58
   58
   60
   57
   57
   56
   57
   56
   56
   54
   55
   55
   53
   53
   54
   52
   54
   53
   52
   52
   51
   51
   52
   50
   51
   50
   50
   50
   50
   49
   49
   49
   49
   49
   47
   49
   48
   47
   48
   48
   46
   48
   47
   47
   45
   47
   47
   46
   46
   46
   46
   44
   46
   45
   45
   45
   45
   45
   44
   45
   45
   44
   44
   44
   45
   43
   44
   44
   43
   42
   44
   44
   43
   43
   43
   43
   42
   44
   43
   42
   42
   44
   42
   42
   42
   43
   42
   42
   42
   43
   41
   42
   42
   42
   41
   43
   41
   41
   42
   42
   41
   42
   41
   42
   41
   41
   42
   41
   41
   42
   41
   41
   41
   41
   42
   41
   41
   41
   41
   41
   41
   41
   41
   41
   41
   40
   42
   40
   42
   40
   42
   40
   41
   41
   41
   41
   41
   41
   41
   41
   41
   41
   42
   40
   41
   42
   41
   41
   41
   41
   42
   41
   41
   41
   41
   42
   42
   41
   42
   41
   41
   43
   41
   41
   42
   42
   41
   43
   42
   42
   42
   42
   42
   43
   42
   42
   42
   43
   43
   42
   42
   43
   43
   44
   42
   43
   43
   44
   43
   44
   42
   44
   43
   44
   45
   43
   44
   45
   44
   45
   44
   45
   44
   45
   45
   46
   45
   45
   46
   45
   46
   46
   46
   47
   46
   46
   47
   47
   47
   47
   48
   47
   48
   48
   49
   48
   49
   48
   49
   49
   50
   49
   50
   50
   51
   50
   51
   51
   52
   52
   51
   52
   53
   53
   54
   53
   54
   54
   54
   54
   55
   56
   57
   56
   57
   56
   57
   60
   57
   60
   59
   60
   61
   61
   62
   62
   63
   64
   64
   65
   66
   65
   68
   68
   69
   70
   70
   72
   73
   74
   74
   77
   77
   78
   80
   82
   84
   84
   88
   88
   91
   93
   95
   99
  102
  105
  109
  113
  116
  123
  129
  136
  146
  156
  170
  189
  215
  259
  348
