  349
  502
  302
  238
  205
  181
  164
  151
  142
  133
  128
  119
  115
  111
  108
  103
  101
   95
   97
   92
   90
   88
   85
   86
   81
   81
   79
   79
   77
   76
   72
   74
   73
   71
   72
   68
   68
   67
   68
   67
   64
   65
   65
   63
   61
   63
   63
   61
   60
   59
   61
   58
   59
   56
   57
   58
   56
   55
   56
   56
   56
   56
   53
   53
   55
   53
   54
   52
   52
   54
   50
   52
   51
   52
   50
   51
   50
   50
   51
   48
   51
   46
   49
   49
   48
   51
   46
   49
   48
   45
   49
   47
   47
   48
   47
   45
   47
   46
   47
   45
   45
   47
   45
   45
   45
   45
   45
   45
   45
   45
   45
   43
   45
   43
   43
   47
   43
   43
   45
   43
   42
   43
   43
   43
   43
   44
   43
   43
   43
   43
   42
   43
   43
   41
   44
   43
   41
   42
   43
   41
   43
   42
   41
   43
   42
   43
   41
   40
   43
   41
   42
   41
   41
   42
   43
   41
   40
   43
   40
   43
   39
   44
   41
   38
   41
   41
   42
   41
   42
   41
   39
   42
   41
   42
   39
   42
   41
   41
   42
   41
   38
   41
   42
   41
   41
   42
   39
   42
   43
   38
   43
   41
   40
   41
   40
   43
   41
   40
   41
   42
   41
   39
   44
   39
   42
   41
   43
   42
   39
   43
   42
   41
   41
   44
   41
   41
   44
   39
   43
   42
   41
   43
   42
   43
   43
   39
   44
   41
   45
   41
   44
   43
   43
   41
   43
   44
   43
   43
   43
   45
   43
   42
   43
   43
   45
   45
   43
   43
   45
   45
   45
   43
   45
   47
   43
   45
   45
   47
   45
   45
   47
   45
   45
   46
   45
   49
   45
   47
   46
   49
   47
   48
   47
   47
   50
   47
   49
   48
   49
   47
   50
   50
   49
   50
   51
   50
   50
   51
   52
   52
   52
   51
   52
   54
   52
   54
   54
   52
   56
   54
   54
   55
   56
   56
   58
   55
   58
   56
   59
   59
   60
   59
   61
   60
   61
   61
   65
   61
   65
   64
   65
   67
   66
   67
   68
   69
   70
   70
   74
   72
   72
   75
   77
   78
   79
   81
   81
   86
   85
   86
   88
   92
   94
   97
   97
  104
  106
  108
  115
  119
  122
  130
  138
  148
  160
  173
  194
  221
  272
  379
