  603
  379
  272
  221
  194
  173
  160
  148
  138
  130
  124
  119
  113
  110
  104
  104
   97
   98
   95
   90
   88
   86
   85
   86
   81
   81
   79
   78
   77
   76
   71
   72
   74
   70
   71
   68
   68
   67
   68
   65
   66
   63
   65
   63
   63
   61
   61
   62
   61
   59
   58
   59
   59
   56
   58
   56
   57
   56
   56
   55
   56
   54
   54
   52
   56
   52
   52
   54
   52
   51
   54
   50
   52
   51
   50
   50
   51
   50
   51
   48
   50
   47
   49
   48
   51
   47
   48
   47
   48
   47
   47
   49
   48
   45
   47
   47
   45
   46
   47
   43
   47
   45
   47
   45
   45
   45
   43
   47
   45
   45
   43
   45
   45
   43
   45
   43
   45
   43
   43
   42
   45
   43
   43
   43
   43
   44
   43
   41
   43
   44
   43
   41
   45
   41
   44
   39
   45
   42
   41
   43
   43
   40
   43
   41
   42
   43
   41
   42
   41
   41
   44
   41
   41
   42
   39
   43
   42
   39
   44
   39
   42
   41
   43
   40
   39
   43
   40
   43
   40
   41
   41
   40
   41
   42
   41
   40
   41
   41
   42
   41
   40
   39
   42
   41
   42
   41
   39
   42
   41
   42
   39
   42
   43
   39
   42
   41
   41
   38
   43
   42
   41
   41
   40
   43
   40
   41
   43
   42
   41
   41
   42
   41
   43
   40
   43
   42
   41
   43
   41
   42
   43
   41
   44
   41
   43
   41
   44
   41
   43
   43
   42
   43
   43
   43
   43
   44
   43
   43
   43
   43
   42
   43
   45
   43
   45
   45
   43
   43
   45
   43
   47
   43
   45
   45
   45
   45
   45
   45
   47
   47
   43
   47
   45
   46
   49
   45
   45
   49
   46
   47
   49
   46
   49
   47
   48
   49
   48
   49
   49
   46
   51
   48
   51
   50
   50
   51
   50
   52
   51
   52
   52
   52
   52
   53
   53
   54
   54
   53
   55
   54
   56
   56
   56
   55
   58
   56
   57
   58
   57
   60
   59
   59
   62
   61
   61
   63
   61
   65
   63
   65
   64
   69
   66
   67
   68
   70
   70
   71
   73
   74
   72
   76
   77
   79
   79
   81
   83
   85
   84
   90
   90
   92
   95
   95
  101
  104
  107
  111
  115
  121
  126
  133
  142
  153
  164
  179
  206
  237
  302
  504
