  777
  322
  248
  209
  185
  168
  154
  142
  135
  130
  119
  118
  110
  110
  104
  101
   97
   97
   90
   90
   90
   86
   85
   83
   81
   81
   77
   77
   78
   72
   73
   72
   72
   70
   71
   70
   66
   69
   64
   67
   65
   64
   63
   62
   64
   61
   60
   61
   61
   60
   59
   57
   56
   60
   57
   56
   56
   57
   54
   56
   54
   56
   54
   54
   52
   54
   54
   52
   50
   52
   53
   52
   50
   51
   50
   52
   49
   50
   49
   52
   45
   50
   49
   48
   49
   47
   50
   45
   48
   49
   47
   47
   46
   49
   45
   47
   46
   45
   47
   45
   47
   43
   47
   45
   45
   45
   45
   45
   45
   43
   45
   45
   43
   45
   43
   45
   43
   45
   43
   42
   43
   45
   43
   43
   43
   44
   41
   43
   43
   44
   41
   43
   41
   44
   43
   41
   43
   42
   43
   43
   40
   43
   41
   43
   42
   41
   41
   42
   43
   40
   43
   41
   42
   41
   41
   42
   41
   41
   42
   41
   42
   41
   38
   41
   43
   40
   41
   42
   41
   39
   44
   41
   41
   40
   41
   42
   39
   42
   43
   38
   39
   42
   41
   41
   42
   41
   41
   42
   39
   42
   41
   40
   43
   41
   40
   41
   40
   41
   42
   41
   41
   42
   41
   41
   42
   41
   42
   41
   41
   42
   41
   41
   44
   41
   41
   44
   39
   43
   42
   43
   41
   43
   42
   41
   43
   43
   42
   43
   43
   42
   43
   43
   43
   41
   45
   42
   45
   41
   45
   43
   42
   43
   45
   43
   45
   43
   43
   45
   45
   45
   43
   45
   45
   45
   45
   45
   45
   47
   45
   47
   43
   47
   45
   48
   45
   47
   47
   46
   47
   49
   47
   46
   51
   47
   46
   51
   46
   49
   50
   47
   51
   50
   50
   49
   50
   52
   51
   50
   52
   52
   51
   54
   52
   52
   52
   56
   52
   54
   56
   56
   54
   55
   56
   58
   56
   57
   58
   57
   58
   57
   62
   61
   59
   61
   63
   63
   61
   65
   65
   65
   64
   67
   68
   67
   70
   68
   72
   72
   72
   72
   76
   75
   78
   79
   81
   81
   84
   85
   86
   88
   92
   94
   95
   99
  101
  104
  110
  113
  117
  122
  130
  135
  145
  157
  171
  189
  215
  260
  347
28061
