  491
  428
  284
  231
  198
  178
  162
  149
  140
  132
  127
  117
  115
  110
  106
  104
   99
   98
   93
   90
   90
   88
   86
   85
   81
   81
   79
   77
   78
   77
   72
   72
   74
   70
   70
   68
   69
   68
   69
   64
   65
   65
   65
   63
   63
   62
   60
   61
   61
   60
   59
   59
   58
   56
   57
   58
   57
   56
   56
   56
   54
   54
   55
   52
   54
   54
   54
   53
   52
   52
   52
   52
   51
   52
   48
   52
   49
   50
   49
   52
   49
   46
   51
   48
   49
   49
   46
   49
   47
   48
   47
   49
   46
   47
   47
   47
   45
   46
   47
   47
   43
   45
   47
   45
   45
   45
   45
   45
   45
   45
   43
   47
   43
   45
   43
   45
   43
   43
   45
   42
   43
   43
   43
   43
   43
   44
   43
   43
   43
   43
   42
   43
   43
   41
   44
   43
   41
   42
   41
   45
   41
   42
   41
   43
   42
   41
   41
   42
   41
   41
   44
   41
   41
   42
   41
   41
   42
   41
   42
   41
   41
   42
   41
   40
   39
   43
   42
   41
   42
   39
   41
   40
   43
   42
   39
   42
   41
   39
   42
   41
   40
   41
   42
   39
   42
   41
   41
   40
   43
   40
   41
   40
   43
   39
   42
   43
   41
   38
   41
   44
   39
   41
   42
   41
   42
   41
   41
   42
   41
   41
   44
   41
   41
   42
   41
   42
   41
   43
   41
   42
   43
   43
   42
   43
   41
   41
   44
   41
   43
   43
   44
   41
   43
   43
   43
   44
   43
   43
   43
   43
   43
   44
   43
   43
   45
   45
   41
   47
   43
   45
   43
   45
   45
   45
   45
   45
   45
   45
   47
   45
   43
   49
   45
   46
   47
   45
   47
   47
   46
   49
   47
   48
   47
   49
   47
   48
   50
   47
   51
   46
   49
   52
   49
   50
   49
   52
   50
   51
   50
   52
   54
   50
   53
   52
   54
   54
   54
   52
   56
   54
   55
   54
   56
   58
   55
   58
   57
   56
   60
   57
   60
   59
   61
   61
   61
   63
   63
   61
   65
   65
   65
   66
   67
   68
   69
   68
   70
   70
   74
   74
   72
   77
   76
   77
   79
   81
   83
   83
   86
   88
   90
   90
   93
   98
   99
  104
  106
  110
  115
  119
  126
  131
  140
  149
  162
  178
  198
  231
  284
  428
