  602
  381
  271
  222
  193
  174
  159
  148
  137
  131
  123
  119
  113
  110
  105
  102
   99
   97
   93
   92
   89
   87
   86
   83
   82
   80
   79
   79
   76
   75
   73
   73
   72
   71
   71
   68
   68
   68
   66
   66
   66
   63
   64
   63
   63
   61
   62
   61
   60
   59
   60
   57
   59
   58
   58
   56
   57
   57
   55
   55
   55
   54
   55
   52
   54
   53
   53
   53
   53
   51
   52
   51
   52
   51
   50
   51
   50
   49
   50
   49
   50
   49
   49
   48
   49
   49
   47
   48
   48
   47
   47
   48
   46
   47
   47
   47
   46
   46
   46
   45
   46
   46
   45
   46
   45
   45
   45
   45
   45
   44
   45
   44
   44
   44
   44
   44
   43
   44
   44
   43
   43
   43
   44
   43
   43
   43
   43
   43
   42
   44
   42
   42
   43
   43
   42
   42
   42
   43
   42
   42
   42
   42
   41
   42
   42
   42
   41
   42
   42
   42
   41
   42
   42
   41
   41
   42
   41
   41
   41
   41
   42
   41
   40
   43
   40
   42
   41
   40
   42
   40
   42
   41
   41
   41
   40
   42
   40
   42
   41
   40
   41
   41
   41
   41
   41
   41
   40
   42
   40
   42
   41
   41
   41
   41
   42
   40
   42
   41
   40
   42
   41
   41
   42
   41
   42
   41
   41
   42
   41
   41
   42
   42
   41
   42
   42
   42
   42
   41
   42
   43
   41
   42
   43
   42
   42
   42
   43
   42
   42
   43
   43
   42
   44
   42
   44
   43
   43
   43
   43
   43
   43
   44
   43
   44
   44
   43
   45
   44
   44
   44
   45
   45
   44
   45
   45
   45
   45
   46
   45
   46
   46
   46
   47
   45
   46
   47
   47
   47
   46
   48
   47
   47
   48
   49
   47
   49
   49
   48
   49
   49
   49
   49
   51
   49
   50
   51
   51
   51
   52
   51
   52
   52
   52
   53
   53
   54
   53
   54
   54
   54
   56
   56
   56
   55
   57
   57
   57
   59
   57
   59
   59
   60
   61
   61
   61
   62
   63
   63
   64
   65
   65
   66
   67
   68
   68
   70
   71
   71
   72
   73
   75
   75
   77
   78
   79
   81
   83
   85
   86
   87
   90
   93
   95
   97
  100
  104
  107
  111
  115
  120
  127
  133
  142
  151
  165
  180
  204
  238
  302
  505
